
	0 1 2 3 4 5

0	0 0 0 0 0 0
1	0 1 1 1 1 0
2	0 1 0 0 1 0
3	0 1 1 1 1 0
4	0 0 0 0 0 0


6 5 0
r 1 1 3 2 1

x 1
x 4

y 1
y 3

(1,1)
(1,2)
(1,3)
(2,1)
	(2,2)
(2,3)
(3,1)
	(3,2)
(3,3)
(4,1)
	(4,2)
(4,3)

i y h
j x w


12 12 0
r 1 1 10 10 1
r 3 3 6 6 1
r 5 5 2 2 1


	0 1 2 3 4 5 6 7 8 9 101112

0	0 0 0 0 0 0 0 0 0 0 0 0
1	0 1 1 1 1 1 1 1 1 1 1 1
2	0 1 0 0 0 0 0 0 0 0 0 1
3	0 1 0 1 1 1 1 1 1 1 0 1
4	0 1 0 1 0 0 0 0 0 1 0 1
5	0 1 0 1 0 1 1 1 0 1 0 1
6	0 1 0 1 0 1 0 1 0 1 0 1
7	0 1 0 1 0 1 1 1 0 1 0 1
8	0 1 0 1 0 0 0 0 0 1 0 1
9	0 1 0 1 1 1 1 1 1 1 0 1
10	0 1 0 0 0 0 0 0 0 0 0 1
11	0 1 1 1 1 1 1 1 1 1 1 1
